VITE_CENTER=326834.62,3139762.92
#VITE_EXTENT=323220.4023237814,3137760.6135218954,330131.9412516408,3141794.416367382
VITE_EXTENT=321537.8712016079,3137032.0194771113,331973.52138911485,3143122.610278993
VITE_ZOOM=15